platte_black <- c("#000000", "#AAAAAA","#000000","#E69F00", 
                "#56B4E9", "#009E73", "#F0E442", "#0072B2",
                "#D55E00", "#CC79A7");

platte_black_bak <- c("gray66", "gray21", "#56B4E9", "#009E73", "#F0E442", "#0072B2", "#D55E00", "#CC79A7");

platt_color<-c("#999999","#E69F00");


